2.884277582168579
1.9088106155395508
3.8896045684814453
3.4892075061798096
5.073532581329346
3.654062271118164
3.737914800643921
2.9280998706817627
4.090128421783447
4.626949310302734
4.374095916748047
4.859285831451416
3.0975003242492676
3.9161877632141113
4.036098480224609
4.845478534698486
4.743157386779785
4.258335113525391
4.0855712890625
3.9786245822906494
3.32416033744812
5.859409809112549
5.005162239074707
4.356549263000488
4.602831840515137
4.129316806793213
4.592703819274902
4.647891998291016
4.1797332763671875
3.4915313720703125
3.938148260116577
5.1770148277282715
4.961733818054199
4.495380401611328
5.596710681915283
3.436981678009033
4.971230506896973
6.016752243041992
3.2973499298095703
4.2092814445495605
4.1405181884765625
3.574769973754883
4.0937652587890625
3.2817296981811523
4.402615547180176
6.498982906341553
3.526393413543701
4.635879039764404
4.719130039215088
4.639739990234375
3.77278995513916
2.6693005561828613
5.626909255981445
4.468491554260254
4.973048210144043
3.7073352336883545
5.318894386291504
2.929363250732422
4.3500142097473145
3.904381036758423
5.489068508148193
3.8436336517333984
3.912271738052368
2.0786333084106445
3.7308034896850586
3.8032405376434326
4.92967414855957
4.309379577636719
4.3343963623046875
4.901539325714111
6.166095733642578
4.403908729553223
5.068656921386719
4.869400978088379
5.109461784362793
4.154269218444824
4.78033971786499
3.442887783050537
3.553330421447754
4.16597843170166
3.4111123085021973
3.9434022903442383
4.295395851135254
4.3821120262146
5.426052093505859
3.9566664695739746
3.928900957107544
4.097428798675537
4.122673034667969
4.543535232543945
3.3037214279174805
5.0977678298950195
4.716276168823242
5.419809818267822
3.112783432006836
4.3975067138671875
2.970431327819824
4.146251678466797
5.540815830230713
3.9964280128479004
3.883850336074829
4.915109634399414
4.085936546325684
3.046063184738159
5.485069751739502
4.179880142211914
3.2874770164489746
2.2730445861816406
6.176957130432129
4.209590911865234
3.9002726078033447
3.753770351409912
5.017880916595459
4.122171878814697
4.048281192779541
4.400707244873047
3.5387015342712402
3.894493818283081
4.397507190704346
3.8705248832702637
4.197532653808594
4.350998878479004
4.668020725250244
3.0652339458465576
3.566605567932129
4.065622329711914
3.575472354888916
3.900346279144287
5.137755870819092
3.0677971839904785
3.62748384475708
3.127889633178711
3.9642300605773926
4.892279624938965
4.331435203552246
3.5576729774475098
3.846043109893799
3.785335063934326
4.741248607635498
4.324336051940918
3.653932571411133
4.218128204345703
4.152101516723633
3.9163150787353516
3.340703248977661
5.006155967712402
4.266739845275879
3.9006059169769287
3.836272716522217
3.233351945877075
3.0377674102783203
3.573028802871704
3.5713415145874023
4.7239227294921875
3.59903883934021
5.925449371337891
4.316987037658691
4.099493026733398
3.2310149669647217
3.526840925216675
4.953530788421631
3.7566590309143066
3.4399659633636475
2.762026309967041
3.953845739364624
5.530424118041992
4.062651634216309
4.915562629699707
3.4190597534179688
2.3973543643951416
3.8219985961914062
4.47025203704834
2.803837537765503
4.500578880310059
3.0107195377349854
3.4396891593933105
5.003430366516113
5.323293209075928
4.272655963897705
3.5122973918914795
4.256773948669434
3.3611197471618652
3.155137300491333
2.546355724334717
4.503598690032959
2.898369550704956
3.9093761444091797
4.125430107116699
3.695629596710205
3.7204668521881104
4.899184703826904
2.04052734375
3.842395782470703
4.353014945983887
3.639775276184082
3.2810230255126953
5.596805095672607
3.387660503387451
3.291470527648926
4.112884044647217
4.481067657470703
3.9968881607055664
3.60768723487854
4.275270938873291
5.480714797973633
3.783435106277466
3.247368097305298
4.191913604736328
3.8725831508636475
1.9296499490737915
4.199899196624756
3.785757064819336
3.6196978092193604
4.849119186401367
4.447707653045654
3.335170269012451
3.9614853858947754
3.0788371562957764
4.592438220977783
3.8752894401550293
4.263907432556152
3.935765027999878
4.187093257904053
4.753570556640625
3.985123634338379
4.464073657989502
4.12897253036499
2.692829132080078
3.47281813621521
3.832507848739624
4.159709453582764
5.055059432983398
2.4966416358947754
2.902371406555176
4.723178863525391
3.8185291290283203
1.7834230661392212
3.5208070278167725
4.134317398071289
2.962887763977051
4.618685245513916
4.427806854248047
2.818030834197998
4.481492042541504
3.650139808654785
3.1405694484710693
3.57017183303833
3.905322313308716
5.572358131408691
3.184035062789917
4.49443244934082
2.9761781692504883
3.8986294269561768
2.9666643142700195
3.500603199005127
3.0991833209991455
3.8393423557281494
4.219531059265137
4.111184597015381
2.997931718826294
3.351783514022827
3.3773436546325684
3.015221118927002
3.176281452178955
2.848034381866455
3.072068214416504
4.681478500366211
4.953073501586914
4.135885715484619
3.25948429107666
4.136118412017822
4.011244297027588
4.030444145202637
2.9909653663635254
4.177272796630859
2.4323768615722656
3.2766618728637695
2.8799386024475098
2.292771816253662
3.449542284011841
4.2174787521362305
3.6883397102355957
4.0020036697387695
3.7994942665100098
2.5960934162139893
3.05218768119812
2.0417654514312744
4.0681304931640625
4.433060646057129
4.266323089599609
3.991666793823242
3.946632146835327
3.049515724182129
2.546813488006592
3.2072947025299072
3.897721529006958
4.308682441711426
4.293591022491455
2.590151071548462
3.0687320232391357
4.323508262634277
3.998337745666504
2.212653875350952
3.7739059925079346
3.5706794261932373
2.4832866191864014
4.251911163330078
3.957097053527832
2.3814306259155273
3.7060554027557373
3.7118563652038574
3.7952780723571777
2.9271771907806396
3.1131398677825928
4.304531097412109
3.392260789871216
2.928145408630371
2.4572715759277344
3.732825756072998
3.5082006454467773
2.800581216812134
2.6791162490844727
4.558389663696289
4.193188667297363
3.6591293811798096
4.279395580291748
3.3239216804504395
2.681135654449463
3.144279956817627
2.81575083732605
4.042813301086426
4.181666374206543
3.672395944595337
2.5503976345062256
3.236440420150757
3.3225629329681396
3.414843797683716
3.635915517807007
3.956514358520508
2.5186195373535156
3.7146010398864746
4.296757698059082
3.550187587738037
2.475804328918457
3.038181781768799
2.048837661743164
3.7497425079345703
4.119683265686035
3.2122552394866943
3.19354248046875
1.8619680404663086
4.4548020362854
2.7301199436187744
3.654021739959717
3.6980419158935547
4.335264205932617
3.2181968688964844
2.3078556060791016
3.6878461837768555
2.7712411880493164
2.6842103004455566
4.173568248748779
3.562711715698242
1.731738567352295
3.6624464988708496
2.8378052711486816
3.5110840797424316
3.05582332611084
3.151737689971924
4.007568836212158
3.788614273071289
3.3757317066192627
1.8313969373703003
2.85160756111145
4.521491050720215
3.4624531269073486
2.7681055068969727
3.363524913787842
3.580646514892578
3.799574613571167
3.028441905975342
2.0228817462921143
2.333538293838501
2.8549036979675293
2.8542261123657227
2.086962938308716
3.0817747116088867
2.2813055515289307
2.2059614658355713
2.3475637435913086
3.0644116401672363
3.0159177780151367
2.714388608932495
3.4337730407714844
3.0891551971435547
3.4256374835968018
3.8929686546325684
3.5928359031677246
2.6691861152648926
3.957376003265381
5.339003562927246
2.7346854209899902
3.17913818359375
3.9593238830566406
2.495365619659424
2.6016807556152344
2.0772414207458496
2.5357227325439453
3.3798739910125732
2.673384666442871
1.6265369653701782
2.353684186935425
3.1264700889587402
3.260240316390991
3.7320265769958496
2.9329071044921875
2.4763667583465576
3.184220552444458
2.6949706077575684
4.790533065795898
2.5421195030212402
2.818575859069824
2.733610153198242
3.6103177070617676
4.378732681274414
3.831951141357422
3.912686824798584
3.327277660369873
2.67977237701416
2.6825501918792725
1.595682978630066
3.346122980117798
4.02949333190918
1.9284648895263672
2.2080674171447754
3.049966812133789
3.317491054534912
2.862544536590576
3.1333765983581543
2.746981620788574
2.8783717155456543
4.047201633453369
3.0279295444488525
2.09566330909729
2.3721535205841064
2.99105167388916
2.764298439025879
3.053560733795166
2.7276878356933594
3.204148769378662
2.297417163848877
2.5060882568359375
2.895454168319702
2.753512144088745
3.4046154022216797
2.9131014347076416
2.763584852218628
2.480485677719116
1.7809964418411255
3.5918264389038086
3.101925849914551
3.0328240394592285
3.5482449531555176
2.8351638317108154
3.056638240814209
2.886536121368408
1.8746241331100464
3.075550079345703
2.01450514793396
3.243598699569702
3.5064854621887207
5.026419639587402
2.39656400680542
1.865658164024353
1.5911741256713867
2.391920328140259
2.7612791061401367
3.07464337348938
3.4481165409088135
3.194530963897705
3.7490322589874268
1.6785547733306885
1.6269334554672241
2.332716703414917
2.727039337158203
2.786693572998047
1.8564825057983398
4.306419849395752
2.4108176231384277
1.6768372058868408
1.681145429611206
1.973496675491333
2.527477264404297
2.3015410900115967
3.758380651473999
3.4097108840942383
3.7547781467437744
1.980236530303955
3.6811797618865967
1.80051851272583
1.7097116708755493
2.7937192916870117
2.8902411460876465
1.4042598009109497
2.1560280323028564
2.4690728187561035
3.110032081604004
1.702138900756836
3.1044483184814453
2.0537307262420654
1.5780346393585205
3.749943494796753
3.1505370140075684
2.9659922122955322
2.0255239009857178
2.1909024715423584
2.602985143661499
2.785130500793457
2.591102123260498
2.1924753189086914
3.001450300216675
2.586905002593994
2.6921944618225098
3.4081249237060547
2.194342613220215
2.617960214614868
2.674846887588501
2.405646800994873
2.2929275035858154
2.5126090049743652
2.436328887939453
3.9432384967803955
1.6740202903747559
2.300588369369507
1.9778151512145996
3.1167001724243164
2.470663547515869
1.9623546600341797
2.0999274253845215
3.0172364711761475
2.3211796283721924
2.7788279056549072
2.1138670444488525
2.7447946071624756
2.6495909690856934
2.3370521068573
2.920908212661743
2.960597038269043
3.2159738540649414
2.9264068603515625
3.0643959045410156
3.2722251415252686
1.2463210821151733
2.424736738204956
2.847362518310547
2.2950258255004883
2.708509683609009
2.8820722103118896
1.6785876750946045
2.377941131591797
2.272299289703369
2.3301658630371094
2.50044846534729
2.447277545928955
1.8881044387817383
1.5026028156280518
2.0930700302124023
2.8918514251708984
3.404292583465576
1.1710542440414429
1.8398654460906982
3.2747793197631836
1.9511457681655884
2.7610557079315186
2.6374318599700928
2.250330924987793
2.4745233058929443
2.509650230407715
4.6598005294799805
3.427826166152954
2.7478766441345215
2.4536361694335938
3.559640407562256
2.233314037322998
1.8800277709960938
3.2741076946258545
1.8139896392822266
2.829845428466797
2.892087936401367
1.9702411890029907
1.5090888738632202
2.3404245376586914
3.6963491439819336
2.4865894317626953
1.4436180591583252
2.105384349822998
2.2387397289276123
3.711390495300293
2.6249122619628906
2.588956594467163
2.657872438430786
1.7828370332717896
2.402553081512451
2.1169049739837646
1.4840106964111328
1.7836694717407227
3.1338319778442383
3.258680820465088
2.1437125205993652
1.904130458831787
2.853858709335327
2.041503667831421
2.26617431640625
2.4801242351531982
2.1265082359313965
3.0295205116271973
2.5564441680908203
1.7327158451080322
2.686969041824341
2.5276336669921875
2.327436923980713
2.81052565574646
3.5667524337768555
2.813326597213745
2.1170504093170166
2.38030743598938
4.066221714019775
2.9857382774353027
2.2816739082336426
1.7375879287719727
1.834497332572937
3.5534327030181885
4.476661682128906
2.136282444000244
2.0173561573028564
2.3950040340423584
1.7143235206604004
2.9089224338531494
2.6693241596221924
2.432767391204834
2.322573184967041
2.0893452167510986
2.7367279529571533
1.6955019235610962
2.377725124359131
1.721509337425232
2.710845708847046
1.8997242450714111
1.9924695491790771
1.605696439743042
1.6568312644958496
1.6847074031829834
2.432654619216919
1.8425114154815674
2.7627954483032227
1.6215851306915283
1.0561391115188599
3.03718900680542
1.9268828630447388
3.1291708946228027
1.2842893600463867
2.288595676422119
1.9657902717590332
2.577810287475586
2.0724380016326904
1.3717156648635864
1.8454077243804932
2.0056674480438232
1.5619537830352783
2.1846649646759033
1.9279807806015015
2.589296817779541
1.9663416147232056
1.5392049551010132
1.6909260749816895
2.5311825275421143
1.4426581859588623
1.6167325973510742
2.872493028640747
2.3942151069641113
1.9669804573059082
1.7441470623016357
2.8748843669891357
1.965954303741455
2.5161802768707275
2.075265407562256
1.3904898166656494
2.305715560913086
2.6050171852111816
1.985145092010498
2.6562821865081787
2.740050792694092
1.758392572402954
2.6481964588165283
2.0907509326934814
3.0255775451660156
3.141826629638672
2.8304762840270996
2.4249117374420166
2.604469060897827
2.5256004333496094
2.0970020294189453
2.9120333194732666
3.0016438961029053
3.0068137645721436
2.646069049835205
1.9468443393707275
2.375934600830078
2.662931203842163
2.4024393558502197
1.4512059688568115
2.453601360321045
2.971560001373291
2.151595115661621
2.6597065925598145
2.2493605613708496
3.043426275253296
1.6920349597930908
2.601893186569214
2.8227028846740723
2.2691378593444824
2.1487185955047607
2.619969606399536
2.244556188583374
1.0304360389709473
1.4775390625
1.1644996404647827
1.9900805950164795
2.015522003173828
1.8594738245010376
2.219119071960449
1.9058932065963745
3.24285888671875
2.5991744995117188
1.8126153945922852
2.8214285373687744
2.0090060234069824
1.3930014371871948
2.003169059753418
2.831827402114868
2.362543821334839
1.4150547981262207
2.4223074913024902
2.3544254302978516
1.3850946426391602
2.2344093322753906
2.2755556106567383
2.91373610496521
3.6195638179779053
1.948850154876709
1.9759902954101562
2.0386221408843994
2.362292766571045
2.0780630111694336
1.6616947650909424
1.6707935333251953
2.1303024291992188
1.8474891185760498
2.1445043087005615
1.9306820631027222
2.144434928894043
2.104809284210205
1.290905475616455
1.3977270126342773
1.773848056793213
2.0201680660247803
1.5885473489761353
1.821121096611023
2.0338621139526367
1.622028112411499
2.4539525508880615
1.7897484302520752
3.8934249877929688
1.719613790512085
1.6568822860717773
1.2286769151687622
1.5162086486816406
2.7666707038879395
2.5073461532592773
1.389413595199585
2.063918352127075
0.972460925579071
2.0563435554504395
1.7106845378875732
2.4961297512054443
2.872506618499756
2.4652514457702637
1.589387059211731
1.618561029434204
1.7951022386550903
1.7079243659973145
2.111327886581421
1.8333172798156738
2.9322850704193115
2.089707612991333
1.6142605543136597
1.8483784198760986
2.2545745372772217
1.5755304098129272
2.639444351196289
1.8613591194152832
2.7402846813201904
2.588667869567871
2.911696434020996
3.3202733993530273
2.0274322032928467
2.416447162628174
1.2950959205627441
2.367823600769043
2.4708492755889893
1.9740924835205078
2.016663074493408
2.1596975326538086
2.490969657897949
1.9949222803115845
2.0652737617492676
2.1762332916259766
1.9197044372558594
2.2945942878723145
2.0956459045410156
2.9164624214172363
2.38826322555542
2.3641083240509033
1.6492823362350464
1.8354629278182983
1.58162522315979
2.3077855110168457
1.1263220310211182
1.7208296060562134
2.4419047832489014
1.7755848169326782
1.7452380657196045
2.2426438331604004
1.5788016319274902
1.962740421295166
1.5203112363815308
1.6679630279541016
1.6974499225616455
2.243218183517456
1.4695730209350586
3.2637784481048584
2.3597755432128906
1.9107987880706787
1.7688300609588623
1.7470052242279053
1.2292380332946777
2.166841745376587
2.592928409576416
1.3375487327575684
2.3261141777038574
1.79473876953125
1.9620475769042969
2.3383028507232666
1.9531233310699463
1.3904292583465576
1.5221498012542725
2.8726999759674072
1.9205501079559326
1.5343437194824219
2.2607529163360596
1.7849198579788208
2.2407844066619873
2.5486583709716797
2.2891407012939453
2.0625314712524414
1.8258994817733765
2.3252477645874023
2.073997735977173
1.8141486644744873
2.703565835952759
1.0239083766937256
1.6111383438110352
1.6716004610061646
2.1515893936157227
1.18949294090271
1.678771734237671
2.8471591472625732
1.7533788681030273
2.0496091842651367
2.163292169570923
2.8123607635498047
1.8882677555084229
2.9682796001434326
1.686164140701294
1.4595868587493896
2.314927577972412
2.254269599914551
2.74491286277771
2.2318289279937744
1.7930220365524292
1.7329638004302979
1.9280929565429688
1.235917091369629
1.5180362462997437
1.8414057493209839
1.4257006645202637
2.0689122676849365
1.525217890739441
1.6396546363830566
1.954228401184082
2.334697961807251
1.809885025024414
3.4122772216796875
1.7852863073349
2.4539647102355957
2.072995185852051
1.8349764347076416
2.118972063064575
2.154756784439087
2.1023285388946533
1.8999481201171875
2.1007297039031982
2.0830349922180176
1.744049072265625
1.7577793598175049
2.1451382637023926
1.8618385791778564
1.2408639192581177
1.9979759454727173
1.903186559677124
2.5835070610046387
1.7534565925598145
1.5849438905715942
2.1951687335968018
1.6750622987747192
1.663015604019165
1.9221670627593994
1.5690293312072754
1.461093544960022
2.0138511657714844
1.918618083000183
1.5179662704467773
2.321186065673828
1.7775402069091797
1.20619797706604
1.879014253616333
1.6966898441314697
1.1082462072372437
1.4170079231262207
1.5505750179290771
1.9024282693862915
1.6119831800460815
2.639396905899048
2.361337661743164
1.3393157720565796
1.965575933456421
2.785817861557007
2.145817518234253
1.682543158531189
1.5474282503128052
1.8418092727661133
1.575993299484253
1.1616564989089966
1.3321435451507568
1.6232110261917114
1.6371254920959473
1.4860310554504395
1.4284175634384155
1.9257490634918213
1.6217753887176514
1.510437250137329
1.9546520709991455
1.580890417098999
1.1578229665756226
2.2142248153686523
1.3568285703659058
2.004925012588501
1.86139714717865
1.6127861738204956
1.5135560035705566
1.769953966140747
1.2018901109695435
1.5224609375
1.8884408473968506
1.3785239458084106
1.621995449066162
2.013171434402466
1.878490686416626
1.6450189352035522
2.3350579738616943
1.4979922771453857
2.3304195404052734
2.352013111114502
1.8379956483840942
2.036681652069092
2.1215131282806396
1.933722972869873
1.961186170578003
1.4188116788864136
2.1513705253601074
1.8398774862289429
1.83781099319458
2.404486894607544
1.797131061553955
1.3172311782836914
2.116966724395752
1.9547953605651855
1.0179402828216553
1.6267162561416626
1.8261624574661255
2.8382997512817383
1.4357556104660034
1.9165351390838623
2.063390016555786
2.3240885734558105
2.0708210468292236
1.3579579591751099
1.7339107990264893
2.2648909091949463
1.9668477773666382
1.505930781364441
2.4715983867645264
2.2128686904907227
1.7024743556976318
1.966119408607483
1.38600492477417
1.9444115161895752
2.662044048309326
1.7895903587341309
1.8290576934814453
1.9793386459350586
1.4112807512283325
2.154900550842285
2.365285634994507
2.224808692932129
1.8054312467575073
1.4188052415847778
1.5685068368911743
1.5895874500274658
2.2045278549194336
2.356860876083374
1.2109497785568237
1.1484004259109497
1.225341796875
1.4728606939315796
1.2377630472183228
1.3212597370147705
1.128845453262329
1.7496455907821655
2.1916041374206543
1.2389779090881348
1.5255147218704224
1.6096593141555786
1.5829277038574219
2.2082231044769287
3.15733003616333
1.6805304288864136
1.1003202199935913
1.9542996883392334
1.1217166185379028
1.581924557685852
1.4103890657424927
1.3811471462249756
1.2454586029052734
1.3912919759750366
1.529747724533081
1.9496333599090576
1.9695138931274414
1.2740373611450195
1.5115294456481934
2.434978723526001
1.7196588516235352
2.323198080062866
2.091963291168213
1.4980475902557373
2.110360622406006
1.921319603919983
1.640824317932129
1.1701983213424683
2.192202091217041
1.9470208883285522
1.7387607097625732
1.4434819221496582
1.3864983320236206
2.9805119037628174
1.8141230344772339
1.8427616357803345
1.3069864511489868
2.6836280822753906
1.5830193758010864
1.48503577709198
1.5015745162963867
1.5041335821151733
1.6275389194488525
2.1856496334075928
1.935772180557251
1.0363333225250244
1.3194788694381714
1.6206787824630737
1.5533922910690308
1.998546838760376
1.1343246698379517
2.360586166381836
2.601270914077759
1.1675748825073242
1.3261359930038452
1.1444305181503296
2.542447090148926
1.8169070482254028
2.182161808013916
1.5316665172576904
1.6940484046936035
1.9489370584487915
0.9996128082275391
1.68424654006958
1.7222790718078613
1.615452527999878
1.6854902505874634
1.6504274606704712
1.7846596240997314
1.8775861263275146
2.3593289852142334
1.5584157705307007
1.058760404586792
1.741217851638794
1.9394675493240356
2.044490337371826
1.6114598512649536
1.4812976121902466
1.2918988466262817
1.8168998956680298
1.9322764873504639
1.220098853111267
2.0821118354797363
1.006941318511963
1.5032687187194824
1.8301198482513428
1.1511561870574951
1.3645503520965576
1.7520785331726074
1.31149423122406
2.306978702545166
1.927308201789856
1.8817355632781982
2.6256814002990723
2.9060869216918945
1.632358431816101
2.1110053062438965
2.0757808685302734
1.6003732681274414
1.2932764291763306
2.1297223567962646
1.7761218547821045
2.228072166442871
1.644474744796753
1.8357607126235962
1.3538316488265991
1.2498118877410889
1.8280531167984009
2.7927160263061523
1.61322021484375
1.4821199178695679
1.0900049209594727
1.1545417308807373
1.8395459651947021
2.5552237033843994
2.7221455574035645
1.8350601196289062
1.551805019378662
2.0514442920684814
1.850968837738037
1.5049312114715576
1.4503217935562134
2.1026172637939453
1.634248971939087
1.1356133222579956
2.0625834465026855
3.239936113357544
2.0549964904785156
2.356997489929199
1.6665645837783813
1.265166163444519
1.7782185077667236
1.1874988079071045
2.0119316577911377
1.5653003454208374
1.7359803915023804
1.6316466331481934
2.599363088607788
1.8034781217575073
2.292616128921509
1.7400741577148438
2.3054769039154053
1.215963363647461
1.4609028100967407
1.7846367359161377
1.4569247961044312
2.077911853790283
1.635709285736084
2.0588204860687256
1.4603034257888794
2.0890731811523438
1.586808443069458
1.744714617729187
1.8938121795654297
1.9081878662109375
2.413125514984131
1.5711989402770996
1.5074617862701416
1.1557403802871704
1.7928738594055176
1.277156114578247
1.1444377899169922
1.3410109281539917
1.2653999328613281
1.763510823249817
1.7944397926330566
1.7571003437042236
1.5456994771957397
1.8247904777526855
1.7689565420150757
1.1973166465759277
1.7437688112258911
1.429561734199524
1.7498867511749268
1.2078627347946167
1.5751588344573975
1.496525764465332
1.674179196357727
1.4894639253616333
1.615994930267334
1.4546793699264526
1.704539179801941
1.9522329568862915
1.773217797279358
1.5757100582122803
1.5702266693115234
1.7341949939727783
1.3357511758804321
1.8482131958007812
1.6717017889022827
1.9217900037765503
1.9316493272781372
2.2882423400878906
1.1600230932235718
1.7078074216842651
1.909269094467163
1.634833812713623
1.6217042207717896
1.6331400871276855
1.4878829717636108
1.561997890472412
1.0910948514938354
1.5659782886505127
1.2450238466262817
0.9536396265029907
1.012556791305542
1.4375393390655518
1.9497580528259277
1.881309986114502
1.441686987876892
1.900547981262207
1.765636920928955
1.4397705793380737
2.4905855655670166
1.2146224975585938
2.1178536415100098
1.4564189910888672
2.175630807876587
1.3784871101379395
1.4537122249603271
1.8588683605194092
2.375051498413086
2.3899104595184326
1.2052977085113525
1.4457464218139648
2.5635058879852295
1.4085038900375366
1.0958937406539917
1.635368824005127
1.4723283052444458
1.5451767444610596
1.6252491474151611
1.6595327854156494
1.8424302339553833
2.2476396560668945
1.8060977458953857
1.3034485578536987
1.968578577041626
1.2963532209396362
1.2227555513381958
1.6035059690475464
1.6989850997924805
1.560046911239624
1.886979341506958
1.3828741312026978
2.235541343688965
1.9892957210540771
1.434525966644287
1.0850001573562622
1.4835432767868042
1.9325695037841797
2.314408540725708
2.0011825561523438
1.7791218757629395
1.8054287433624268
1.434577226638794
1.5056573152542114
1.6406958103179932
2.5669353008270264
1.337591528892517
1.4066838026046753
1.5798051357269287
2.54384708404541
1.5038478374481201
2.2205209732055664
1.5761806964874268
1.913638710975647
1.1788601875305176
1.35825514793396
1.5619711875915527
1.7473556995391846
2.0236172676086426
1.3789387941360474
1.4455207586288452
1.6525713205337524
1.4451689720153809
1.7059576511383057
2.8569092750549316
1.1238781213760376
2.4110374450683594
1.6458604335784912
2.0218019485473633
2.5325655937194824
1.3017778396606445
1.7047429084777832
1.6389317512512207
2.0621755123138428
1.4686247110366821
1.318730354309082
1.3277256488800049
1.4299150705337524
1.2843035459518433
1.5419533252716064
1.062451958656311
1.9617626667022705
1.7710976600646973
1.3425300121307373
1.347508192062378
1.4274662733078003
1.2500147819519043
1.3288623094558716
1.1344335079193115
1.6056172847747803
2.017108917236328
1.4563641548156738
1.534160852432251
1.9014785289764404
1.3499161005020142
1.301131010055542
2.0741868019104004
1.371596097946167
1.056388020515442
1.2146497964859009
1.5164504051208496
2.03548264503479
1.3596558570861816
1.7488000392913818
1.7840898036956787
1.7266160249710083
0.9947444796562195
1.271639347076416
1.5388903617858887
1.4784282445907593
1.6761016845703125
1.7898979187011719
1.1903252601623535
1.9528415203094482
1.600469708442688
1.258448839187622
1.207299828529358
1.5377973318099976
1.4002350568771362
1.394439935684204
0.9538494348526001
1.63361656665802
1.7663938999176025
1.4458856582641602
1.6987441778182983
1.4434458017349243
1.0937658548355103
1.4698915481567383
1.2717068195343018
1.283089280128479
1.3324881792068481
1.5340280532836914
1.2928510904312134
1.2919895648956299
1.2798855304718018
1.3763355016708374
1.7075140476226807
1.996458888053894
2.4853737354278564
1.6029194593429565
1.243369460105896
1.8681719303131104
1.203902006149292
1.574662685394287
1.3332780599594116
1.5329790115356445
1.1169869899749756
2.184223175048828
1.8976390361785889
1.7173449993133545
1.5277243852615356
1.2859255075454712
1.6070222854614258
1.6615922451019287
1.2918243408203125
1.0333019495010376
1.557955265045166
1.7240369319915771
1.7015557289123535
1.685726284980774
1.4955021142959595
2.484957456588745
1.649715781211853
1.4976544380187988
0.9822343587875366
1.5467160940170288
1.449204683303833
1.2966572046279907
1.6373424530029297
1.7414791584014893
1.1012561321258545
1.9384697675704956
1.5001976490020752
1.5410882234573364
1.4514282941818237
1.7036962509155273
2.6542482376098633
1.2840864658355713
1.6224884986877441
2.034130573272705
1.3347450494766235
1.098343849182129
1.3858762979507446
1.811910629272461
1.8219856023788452
1.1831474304199219
1.3100436925888062
2.0038938522338867
2.6968531608581543
1.372138500213623
1.8521616458892822
1.3624157905578613
1.3964520692825317
1.5089812278747559
1.2960333824157715
1.9507739543914795
1.8729442358016968
1.3752155303955078
1.4461008310317993
1.969701886177063
1.3977925777435303
1.7147765159606934
1.4706815481185913
1.277991771697998
1.8875919580459595
1.1920957565307617
2.0146522521972656
1.658806562423706
1.6590723991394043
1.824899673461914
2.1750569343566895
1.493625521659851
1.2031307220458984
1.4119882583618164
1.429731845855713
1.5650827884674072
1.9780364036560059
1.8172519207000732
1.2619261741638184
1.6590173244476318
1.5985013246536255
1.4285857677459717
1.507843017578125
1.9510211944580078
1.0512174367904663
1.1703155040740967
1.2888307571411133
1.7343131303787231
1.8979122638702393
1.6788586378097534
1.5132131576538086
2.1003284454345703
1.498075008392334
1.4208234548568726
1.5215543508529663
1.7520017623901367
1.403190016746521
1.1292369365692139
1.3393151760101318
1.2924611568450928
1.5361697673797607
1.6649882793426514
1.9214842319488525
1.5061712265014648
1.9264326095581055
1.4128596782684326
2.218132734298706
1.5749597549438477
1.2561514377593994
1.4773906469345093
1.1481249332427979
1.6996004581451416
1.3356034755706787
2.2046396732330322
1.5956448316574097
2.303835391998291
1.2438383102416992
1.7214274406433105
2.134152412414551
1.7233037948608398
1.4816912412643433
1.285835862159729
1.8943942785263062
1.0698299407958984
1.7747395038604736
2.1748504638671875
1.1315245628356934
1.1871544122695923
1.390075445175171
1.3578906059265137
1.088919997215271
1.3664685487747192
1.2378565073013306
1.5790140628814697
1.2681584358215332
1.1104868650436401
2.0681958198547363
1.391547679901123
1.42350435256958
1.9107518196105957
1.5007528066635132
1.8549857139587402
1.6485052108764648
1.1879138946533203
1.6776233911514282
1.139478325843811
1.5550345182418823
1.5228278636932373
1.4022150039672852
1.074816107749939
1.6149731874465942
1.93501877784729
2.4378843307495117
1.250115156173706
1.5506469011306763
1.787876844406128
1.5012134313583374
1.6519877910614014
1.0272103548049927
1.7307137250900269
1.3562934398651123
1.1668853759765625
1.0587410926818848
1.3365123271942139
1.366396188735962
1.672366738319397
1.1825355291366577
1.613926649093628
1.470403790473938
1.7980270385742188
1.5644214153289795
2.4799323081970215
1.0633472204208374
1.4239503145217896
1.1036617755889893
2.0279433727264404
1.32899010181427
1.773458480834961
1.3969560861587524
1.4366257190704346
1.5249255895614624
1.4373070001602173
1.824846625328064
1.1488901376724243
1.2242807149887085
1.5533993244171143
1.6232713460922241
1.2125778198242188
1.5881028175354004
1.4042539596557617
1.09712815284729
1.59738028049469
1.623182773590088
1.470070242881775
1.2784372568130493
1.27715265750885
1.4996213912963867
1.2146662473678589
1.2964838743209839
1.1315369606018066
1.5770984888076782
1.7028268575668335
1.6516762971878052
1.3801740407943726
2.756688356399536
1.6420013904571533
1.2682970762252808
1.362188696861267
1.5691418647766113
0.9984644651412964
1.4443039894104004
1.4449462890625
1.6514571905136108
1.7758848667144775
1.5337527990341187
1.2805025577545166
1.501457929611206
1.9572672843933105
1.5703260898590088
1.2962391376495361
1.364970326423645
1.7762041091918945
1.0696964263916016
1.3693945407867432
1.2623463869094849
1.3469785451889038
1.781562089920044
1.2345114946365356
1.5524752140045166
1.5637437105178833
1.4247113466262817
1.2792024612426758
1.524657130241394
0.9935981035232544
2.209084987640381
1.772428035736084
1.680096983909607
1.477574348449707
1.6077353954315186
1.6571009159088135
1.8047624826431274
1.2672964334487915
1.6834079027175903
1.5576024055480957
3.1218361854553223
1.259885549545288
1.6428472995758057
1.5374112129211426
1.7274534702301025
1.3493032455444336
1.9472002983093262
1.1894845962524414
1.275463581085205
1.451536774635315
1.3023858070373535
1.1270802021026611
1.6936988830566406
1.0472126007080078
1.3661608695983887
1.369135856628418
1.3914000988006592
3.204453945159912
1.3774538040161133
1.4298579692840576
1.7477169036865234
1.0694804191589355
1.1692763566970825
1.2670440673828125
1.694052815437317
2.1198604106903076
1.321222186088562
1.9491400718688965
2.4579715728759766
1.6641299724578857
1.7291585206985474
1.340558409690857
1.7942790985107422
1.3960647583007812
1.2568235397338867
1.1361606121063232
1.7813522815704346
1.5782688856124878
1.4830691814422607
1.5703051090240479
1.3708415031433105
1.3307456970214844
1.6274855136871338
1.8361151218414307
1.4199061393737793
1.2675082683563232
1.703885555267334
1.5999841690063477
1.9551475048065186
1.3593428134918213
2.203839063644409
1.3676468133926392
1.423754334449768
1.4802117347717285
0.9724176526069641
1.8922017812728882
1.3266794681549072
1.3265929222106934
1.3080347776412964
1.487909197807312
1.6423804759979248
1.183225154876709
1.6270830631256104
1.6238712072372437
2.1610653400421143
1.5260709524154663
2.840808391571045
1.0680757761001587
1.2950080633163452
1.4746304750442505
1.675098180770874
1.5340802669525146
1.3368098735809326
1.7056156396865845
1.1983939409255981
1.7665133476257324
1.672782063484192
1.7134976387023926
1.1176594495773315
1.9997369050979614
2.280210256576538
1.1363613605499268
1.6306612491607666
0.9820266962051392
1.2664134502410889
1.2125465869903564
1.691532850265503
1.3045905828475952
1.7360118627548218
1.146226406097412
1.6315639019012451
1.635758876800537
1.4402668476104736
1.490256428718567
1.5460779666900635
1.6479065418243408
1.3437557220458984
1.7632979154586792
1.4798017740249634
1.2046935558319092
1.2172765731811523
2.1977012157440186
1.9765032529830933
1.353076457977295
2.0975213050842285
1.6452687978744507
1.317538857460022
1.4538904428482056
1.3947707414627075
1.3986023664474487
1.7484307289123535
1.5994147062301636
2.034459114074707
1.38600754737854
1.7660243511199951
1.195833444595337
1.4554593563079834
1.6941174268722534
1.3481723070144653
1.338676929473877
1.356902837753296
2.0424752235412598
1.7757798433303833
1.242133617401123
1.6569678783416748
1.974130630493164
1.1390793323516846
1.6408709287643433
1.450870394706726
1.24912428855896
1.9253557920455933
1.3426580429077148
1.2830981016159058
2.0884599685668945
1.3827602863311768
1.3313217163085938
1.7756226062774658
1.434601068496704
1.1857969760894775
1.7738782167434692
1.4800059795379639
1.315874695777893
2.5648975372314453
1.555257797241211
1.5317773818969727
1.3200249671936035
1.2933073043823242
1.4178715944290161
1.5679070949554443
1.696277141571045
1.2881070375442505
1.5773646831512451
1.9487063884735107
1.8666311502456665
1.5131690502166748
2.327179431915283
1.2268842458724976
1.759245753288269
1.9479904174804688
2.0171613693237305
1.0818665027618408
2.1246235370635986
1.2605104446411133
1.728790283203125
1.242920160293579
1.2735366821289062
1.3375201225280762
1.4220199584960938
1.1769698858261108
1.531469464302063
1.2109942436218262
1.2550849914550781
1.6868057250976562
1.4581096172332764
1.3923447132110596
1.4241234064102173
1.2310640811920166
1.426262378692627
1.2424256801605225
1.5178622007369995
1.5053948163986206
1.5428990125656128
1.6479835510253906
1.498157262802124
1.3386240005493164
1.1611400842666626
1.4968111515045166
1.6834948062896729
1.434104084968567
1.2962628602981567
1.5380420684814453
1.5468792915344238
1.8423678874969482
1.9798940420150757
1.702934980392456
1.7111033201217651
1.6286462545394897
1.5387787818908691
1.6439292430877686
2.139071464538574
1.2247000932693481
1.7165532112121582
1.3172489404678345
1.2986464500427246
1.5664981603622437
1.445461630821228
1.151020884513855
1.8076040744781494
1.6452512741088867
1.1228971481323242
1.6781671047210693
1.4600627422332764
1.3977582454681396
1.8887256383895874
1.2709879875183105
1.1295578479766846
1.1273374557495117
1.7121790647506714
1.6340115070343018
2.3952372074127197
1.0713143348693848
1.8524738550186157
1.5686495304107666
1.5514929294586182
1.2611795663833618
1.5543034076690674
1.1633622646331787
1.2044490575790405
1.3772553205490112
1.7033239603042603
1.5385493040084839
1.551802158355713
1.8748914003372192
1.7851482629776
1.5294662714004517
2.0127995014190674
1.2059755325317383
1.7480101585388184
1.5429282188415527
1.3943954706192017
1.018782138824463
1.5556368827819824
1.407439112663269
2.0129926204681396
1.5495450496673584
1.210648775100708
1.4173893928527832
1.1134636402130127
1.3388915061950684
1.8302698135375977
1.2999218702316284
1.7442240715026855
1.739316701889038
1.4487135410308838
1.4102542400360107
1.4590089321136475
1.6880286931991577
1.6318888664245605
1.2285006046295166
1.5083599090576172
1.5509551763534546
1.7806941270828247
1.8323359489440918
1.3134568929672241
2.223287582397461
1.255732536315918
1.4221546649932861
1.795812964439392
1.2632627487182617
1.2208784818649292
1.3160830736160278
1.5368196964263916
1.6639001369476318
1.394008994102478
1.7529335021972656
1.4303781986236572
1.2880699634552002
1.4985136985778809
1.4462307691574097
1.0632902383804321
1.6631442308425903
0.9757764339447021
1.3207532167434692
1.7414584159851074
1.410569429397583
1.54653000831604
1.4672895669937134
1.3967785835266113
1.2505208253860474
1.646808385848999
0.9346432089805603
1.3585426807403564
1.1030133962631226
0.9375240206718445
1.5309271812438965
1.4530549049377441
1.528796911239624
1.2275147438049316
1.3228899240493774
1.4446004629135132
1.584428071975708
1.2125576734542847
1.628387689590454
1.499969482421875
1.3059002161026
1.92076575756073
1.318647027015686
1.4221988916397095
1.5473026037216187
1.1040561199188232
1.0718626976013184
1.1051862239837646
1.230613350868225
1.3767765760421753
1.4577828645706177
1.4217767715454102
1.459198236465454
1.5002481937408447
1.7798149585723877
1.8605244159698486
1.038481593132019
2.0750560760498047
1.903730034828186
1.897894263267517
1.5432120561599731
1.4409222602844238
1.180708885192871
1.9706666469573975
1.020132303237915
2.525465726852417
1.6153490543365479
1.6322553157806396
1.3601661920547485
1.6640002727508545
1.08546781539917
1.354455590248108
1.8846769332885742
1.1067098379135132
1.1869579553604126
1.785853624343872
1.2094299793243408
1.546391248703003
1.1509044170379639
1.713299036026001
1.9017807245254517
1.603685736656189
1.435306429862976
1.412872076034546
1.114682912826538
1.2838881015777588
1.9402464628219604
1.131500482559204
1.5528126955032349
1.4249074459075928
1.1670634746551514
1.050177812576294
1.2941898107528687
1.5396394729614258
1.4618215560913086
2.006016492843628
1.9013475179672241
2.708122730255127
1.1782571077346802
1.313186764717102
1.0656014680862427
1.859462857246399
2.4330639839172363
1.072818636894226
1.3446617126464844
1.6587642431259155
1.1197319030761719
2.0919835567474365
1.5028152465820312
1.3723773956298828
1.788852334022522
2.210409164428711
1.5518547296524048
1.5220365524291992
1.3651504516601562
0.9393457770347595
1.4000335931777954
1.6351262331008911
1.2030271291732788
2.089425563812256
1.3573707342147827
2.182281494140625
1.2628272771835327
1.1482281684875488
1.8436769247055054
1.5005028247833252
1.3268532752990723
1.4617334604263306
1.8729884624481201
1.0851480960845947
1.4998998641967773
1.743609070777893
1.6051265001296997
1.5710341930389404
1.0982469320297241
1.4686248302459717
1.8919141292572021
1.8292653560638428
1.403259515762329
1.66538405418396
1.1450352668762207
1.6897919178009033
1.4487900733947754
1.5522935390472412
1.4636248350143433
0.9883793592453003
1.582466721534729
1.4748014211654663
1.2549753189086914
1.1560988426208496
1.4166167974472046
1.612449288368225
1.4243249893188477
1.4480383396148682
1.3141425848007202
1.5200061798095703
1.3756762742996216
1.4953497648239136
1.665177822113037
1.300791621208191
1.9019838571548462
1.206329345703125
1.907991647720337
1.548354148864746
1.2404049634933472
1.8973495960235596
1.5897815227508545
2.1837289333343506
1.9767298698425293
1.58670973777771
1.7417553663253784
1.378236174583435
1.3162862062454224
1.424772024154663
1.4313751459121704
1.6641991138458252
1.589329719543457
1.8058521747589111
1.700904369354248
1.744981050491333
1.6050708293914795
1.6070836782455444
1.542974591255188
1.469677448272705
1.3060623407363892
2.035195827484131
2.3296329975128174
1.2371069192886353
1.8463630676269531
1.5074374675750732
1.1332228183746338
1.042316198348999
1.460771083831787
1.1282798051834106
1.2829647064208984
1.0817205905914307
1.7636981010437012
1.4894044399261475
1.4757118225097656
1.3702057600021362
1.7849600315093994
0.9871639609336853
2.2027692794799805
1.4793870449066162
1.7745190858840942
2.390815258026123
1.109373688697815
1.6171138286590576
2.0887532234191895
2.427739143371582
1.5476073026657104
1.385002613067627
1.6276500225067139
1.941109299659729
1.8494232892990112
1.5954641103744507
2.0852954387664795
1.552939534187317
1.7324641942977905
1.417826533317566
1.6758710145950317
1.3390846252441406
2.1659040451049805
1.7623560428619385
1.1190030574798584
1.3004860877990723
1.8708162307739258
1.244588851928711
1.4853589534759521
1.4713234901428223
1.56662118434906
1.4869328737258911
1.2543729543685913
1.390809178352356
1.3435697555541992
1.2554750442504883
1.287457823753357
1.810075283050537
1.044818639755249
1.2773734331130981
1.139806866645813
1.436030626296997
1.7183458805084229
1.2800993919372559
1.4736812114715576
1.1060285568237305
1.8191337585449219
1.1430447101593018
1.4411629438400269
0.9905698895454407
1.4824628829956055
1.5174319744110107
0.967374861240387
1.1087650060653687
1.7669748067855835
1.3038266897201538
1.5698024034500122
1.3251663446426392
1.2745591402053833
1.3033965826034546
2.1387569904327393
1.640212893486023
1.0755348205566406
1.5134572982788086
1.6829369068145752
1.9794542789459229
1.7892991304397583
1.1506603956222534
1.7797660827636719
1.5170557498931885
1.4010522365570068
1.2437207698822021
1.4458534717559814
1.2012605667114258
1.1152528524398804
1.4265159368515015
1.5007370710372925
1.6031525135040283
1.3408329486846924
1.2927600145339966
1.438912272453308
1.8270514011383057
2.0336153507232666
1.1107828617095947
1.347604513168335
1.5236914157867432
1.3452012538909912
1.5394234657287598
1.818997859954834
1.3621563911437988
1.4540904760360718
1.0794899463653564
1.4609994888305664
1.6207908391952515
1.14479660987854
1.0609885454177856
1.3556904792785645
1.7013111114501953
1.4769840240478516
1.33109450340271
1.1307779550552368
2.0367941856384277
1.1811854839324951
1.2849252223968506
1.490105390548706
1.4336400032043457
1.174618124961853
1.5350743532180786
1.9896965026855469
1.1415276527404785
1.2013036012649536
1.196537733078003
0.9226819276809692
1.625034213066101
1.9109379053115845
1.366835117340088
1.2348194122314453
1.844814658164978
1.6531989574432373
1.5292969942092896
1.855271816253662
1.3113046884536743
1.9396498203277588
1.316825270652771
1.3756070137023926
1.489624261856079
1.35769784450531
1.0904918909072876
1.642061710357666
1.6948925256729126
1.3314311504364014
1.1667065620422363
2.411072254180908
1.4226882457733154
1.1301850080490112
1.4274945259094238
1.4515256881713867
1.3052204847335815
1.1558258533477783
1.4842729568481445
0.9911184310913086
1.0988010168075562
1.2487571239471436
1.6996612548828125
1.228388786315918
1.4618796110153198
1.6280914545059204
1.0476535558700562
1.1894688606262207
0.9612033367156982
1.3017075061798096
1.5193814039230347
1.1529433727264404
1.3124765157699585
0.9223703145980835
1.3913928270339966
1.2357712984085083
1.6747491359710693
2.0302953720092773
1.4034690856933594
1.5205211639404297
1.0829544067382812
1.7953062057495117
1.5807454586029053
1.155788779258728
1.333278775215149
1.765167474746704
1.5003223419189453
1.6247464418411255
1.5528863668441772
1.7326712608337402
1.6417758464813232
2.1070942878723145
1.3196309804916382
1.236493706703186
1.6353551149368286
1.595672845840454
1.5459399223327637
1.1859527826309204
1.3243842124938965
1.9441418647766113
1.439460039138794
1.485048770904541
1.3559412956237793
1.313851237297058
1.5353894233703613
1.4803974628448486
1.1736154556274414
1.2897220849990845
1.2753095626831055
1.7586642503738403
1.2341312170028687
1.3233349323272705
1.1188373565673828
1.3685085773468018
1.102125644683838
1.491997480392456
1.499444603919983
1.9744644165039062
2.005051612854004
1.2491589784622192
1.7590311765670776
1.8246750831604004
1.935820460319519
1.3646432161331177
1.7879444360733032
1.3957408666610718
1.5553264617919922
1.3717955350875854
1.4553158283233643
1.5440971851348877
1.0978856086730957
1.6415324211120605
1.7486698627471924
1.6520824432373047
1.6415748596191406
2.326443672180176
1.2873103618621826
1.710243582725525
1.867182731628418
1.8484357595443726
1.2775672674179077
2.0401692390441895
2.0722901821136475
1.6374534368515015
1.6338862180709839
1.5722877979278564
1.4582680463790894
0.9935994148254395
1.3022335767745972
1.4110431671142578
1.8795607089996338
1.426560640335083
1.7750862836837769
1.360817313194275
1.5802935361862183
1.3398503065109253
1.497748851776123
1.6464989185333252
1.2847012281417847
1.2739064693450928
1.2630516290664673
1.3807634115219116
1.5899271965026855
1.4570902585983276
1.4625169038772583
1.1939560174942017
2.3815550804138184
1.2647020816802979
1.28849196434021
1.0998563766479492
1.4786685705184937
1.5640723705291748
1.1614882946014404
1.73069167137146
1.6298224925994873
1.3417149782180786
1.6107412576675415
1.1447484493255615
1.475325345993042
1.1795982122421265
1.0848448276519775
2.1321396827697754
1.1049463748931885
1.7570544481277466
1.321326732635498
1.2364120483398438
1.5518498420715332
1.5353546142578125
1.8327057361602783
1.6895740032196045
1.4609159231185913
1.2522482872009277
1.2438982725143433
1.558552622795105
1.934983253479004
1.4457064867019653
1.292600393295288
1.2106961011886597
1.4311859607696533
1.559788465499878
1.9414756298065186
1.8862085342407227
1.516275405883789
1.3491225242614746
1.4863343238830566
1.6001653671264648
1.1101455688476562
1.3651236295700073
1.1717575788497925
1.1691073179244995
1.9479172229766846
1.4989858865737915
1.5209558010101318
1.8015990257263184
2.020728349685669
1.625133991241455
1.2043646574020386
1.8280155658721924
1.0680146217346191
1.9897009134292603
1.5687425136566162
1.6911680698394775
1.6807677745819092
1.2211312055587769
1.7699782848358154
2.0869016647338867
1.110754132270813
1.1795474290847778
1.117409586906433
1.1010087728500366
1.177060604095459
1.3325421810150146
1.4047788381576538
1.566847324371338
1.4192235469818115
1.120560646057129
1.8009216785430908
1.3599390983581543
1.3497358560562134
1.1766254901885986
1.788367748260498
1.1498608589172363
1.1527421474456787
1.201295018196106
1.2935500144958496
1.576635479927063
1.2551448345184326
1.4717392921447754
1.0530359745025635
1.242671012878418
1.7338993549346924
1.5616581439971924
2.2587733268737793
1.2801612615585327
1.6502039432525635
1.5152212381362915
1.3538802862167358
1.5307800769805908
1.306773066520691
1.170383095741272
1.2280337810516357
1.1052846908569336
1.2718931436538696
1.477582573890686
1.249825358390808
2.0685019493103027
1.1839509010314941
1.1438390016555786
1.4522384405136108
1.1293301582336426
1.218697428703308
1.8973982334136963
0.9365493059158325
1.6048862934112549
1.3464000225067139
1.0627602338790894
2.348341703414917
1.999247431755066
1.4326590299606323
1.1522557735443115
1.3718185424804688
2.82651686668396
1.5009238719940186
1.402170181274414
1.6750476360321045
2.027695894241333
1.1515196561813354
0.9851704239845276
1.4429179430007935
1.1700800657272339
1.9973869323730469
1.3862824440002441
1.2081254720687866
1.7377958297729492
1.3463575839996338
1.8992993831634521
1.1020675897598267
1.431032419204712
1.6469844579696655
1.7977615594863892
1.809609293937683
1.7647249698638916
1.1354484558105469
1.1244111061096191
1.1034483909606934
1.6268422603607178
1.8321800231933594
1.5111637115478516
1.1798244714736938
1.7247310876846313
2.015148639678955
1.1434217691421509
1.181628704071045
1.3714975118637085
1.1341546773910522
1.4685335159301758
1.591349482536316
0.9154126048088074
1.4189300537109375
1.7657684087753296
2.035884141921997
1.3992743492126465
1.892900824546814
1.3520809412002563
1.658362627029419
1.3631318807601929
2.133315086364746
0.9541288018226624
1.6053965091705322
1.2225894927978516
1.2567896842956543
1.9428036212921143
1.5244841575622559
1.9513578414916992
1.617553949356079
1.1639833450317383
1.1081674098968506
1.3276607990264893
1.853339672088623
1.296047329902649
1.609019160270691
1.6378989219665527
2.0042402744293213
1.5637022256851196
1.7080330848693848
1.0042173862457275
1.728559970855713
1.51517653465271
1.2804957628250122
2.606247901916504
1.9534164667129517
1.6816984415054321
1.2675986289978027
1.8088488578796387
1.2498717308044434
1.1447255611419678
1.8225044012069702
1.2590599060058594
0.9817761182785034
1.2849032878875732
1.4284225702285767
1.3372375965118408
1.5157063007354736
1.8360741138458252
0.963839054107666
1.3299410343170166
1.313399314880371
1.9556076526641846
1.5787886381149292
0.9813759326934814
1.188245177268982
1.5862113237380981
0.9861589074134827
1.0624608993530273
1.745369553565979
1.0319130420684814
1.6305644512176514
1.3193097114562988
1.0189995765686035
1.04183030128479
1.5882967710494995
1.3646488189697266
1.087660789489746
1.396209716796875
1.4897329807281494
1.4477320909500122
1.3460896015167236
1.8318207263946533
1.034554123878479
1.5932923555374146
1.2023227214813232
1.2058985233306885
1.3115333318710327
1.505124568939209
1.471865177154541
1.2506879568099976
1.485933542251587
1.7297061681747437
2.4106781482696533
1.4042212963104248
1.5137096643447876
1.3139135837554932
1.408846139907837
1.613000750541687
0.9147045016288757
1.1907743215560913
1.2764679193496704
2.3058676719665527
0.9562949538230896
1.519301414489746
1.2580817937850952
1.5161073207855225
1.573290228843689
1.0302414894104004
2.0071816444396973
1.293292760848999
1.9781794548034668
0.9009012579917908
1.5385798215866089
1.0848495960235596
1.440536379814148
1.773935317993164
1.1727993488311768
1.2959225177764893
2.4530961513519287
1.4312106370925903
1.8270024061203003
1.1877108812332153
2.1976420879364014
1.2650935649871826
1.7320137023925781
1.3217735290527344
1.2290599346160889
1.687867522239685
1.7652162313461304
1.0989798307418823
1.4251477718353271
1.8582851886749268
1.2023664712905884
1.5588804483413696
1.8380799293518066
1.6443580389022827
1.7423094511032104
1.3965355157852173
1.2056423425674438
1.293626308441162
0.9511241316795349
1.714959740638733
1.3669878244400024
1.7558246850967407
1.7605323791503906
1.3773725032806396
1.2747353315353394
1.2461638450622559
1.260696291923523
1.4537770748138428
1.3711973428726196
1.129103660583496
1.4889450073242188
1.636466145515442
1.3438833951950073
1.2858829498291016
0.9331247806549072
1.049504280090332
1.2558753490447998
1.3255860805511475
1.4768390655517578
1.4140504598617554
1.0862427949905396
1.3132587671279907
1.5888831615447998
1.3182796239852905
1.0926668643951416
1.2100002765655518
1.1172701120376587
1.8004605770111084
1.5869266986846924
1.1628375053405762
1.8026093244552612
1.9332318305969238
1.4845349788665771
1.8468101024627686
1.477554440498352
1.3890759944915771
1.5546352863311768
1.2714296579360962
1.6000577211380005
1.884656548500061
1.5661085844039917
1.6082733869552612
1.5794700384140015
1.2698469161987305
1.5832971334457397
2.26814341545105
1.4102840423583984
0.9549933671951294
1.6648943424224854
1.2571017742156982
1.426728367805481
1.2604906558990479
1.560121774673462
1.3907464742660522
1.2721458673477173
1.310483694076538
1.0222959518432617
1.2349697351455688
1.9368572235107422
1.3267426490783691
1.2603363990783691
1.6540555953979492
1.116694688796997
1.3255330324172974
1.4559882879257202
1.167376160621643
1.4765772819519043
1.097806692123413
1.2353920936584473
1.115220069885254
1.1376923322677612
1.342402458190918
1.5011637210845947
1.295316457748413
1.2532731294631958
1.1000089645385742
1.4291353225708008
1.1975939273834229
1.2305364608764648
1.115971565246582
1.3264474868774414
1.3742196559906006
1.3675541877746582
1.4891908168792725
1.2666616439819336
0.9399131536483765
1.4562373161315918
1.3494231700897217
1.6826307773590088
2.0255069732666016
1.0344116687774658
1.398142695426941
1.722175121307373
1.2294282913208008
1.400012731552124
1.9029979705810547
1.636866569519043
1.1705622673034668
1.4619340896606445
2.061082124710083
1.6765731573104858
1.8816258907318115
1.1112008094787598
1.3508888483047485
1.9262218475341797
1.3501306772232056
1.1937252283096313
1.3567310571670532
1.3348491191864014
1.2920539379119873
1.1697969436645508
1.1829408407211304
1.2083914279937744
1.0252845287322998
1.3949370384216309
1.179057240486145
1.1665518283843994
1.0824460983276367
0.897216260433197
1.1864101886749268
1.4282996654510498
1.1392529010772705
1.4227263927459717
1.183496356010437
0.9735199213027954
1.322770118713379
1.510603666305542
1.1715236902236938
1.36017906665802
1.1080516576766968
1.4900784492492676
1.257703423500061
2.329756259918213
1.932858943939209
1.3619003295898438
1.4593193531036377
2.2737343311309814
1.2332839965820312
1.3426437377929688
1.4353065490722656
1.335427165031433
1.254114031791687
1.339369773864746
1.1281152963638306
1.0870212316513062
1.4509246349334717
2.267742156982422
1.7506985664367676
1.3841172456741333
1.5704023838043213
1.5063941478729248
1.609792947769165
1.5736117362976074
1.105523943901062
1.607322335243225
1.3174481391906738
2.25165057182312
1.5593879222869873
1.5424458980560303
1.4891612529754639
1.167409896850586
1.5785408020019531
1.4628583192825317
1.1434296369552612
1.030137300491333
1.718242883682251
1.3987277746200562
1.5268727540969849
1.3159782886505127
1.2773897647857666
1.5886186361312866
1.4539103507995605
1.2313047647476196
1.5021169185638428
1.11850905418396
1.705204963684082
1.4126558303833008
0.9064996242523193
1.2953805923461914
1.3269174098968506
1.100281000137329
1.2764942646026611
1.4898871183395386
1.1148899793624878
1.427905559539795
2.486361503601074
1.4293752908706665
1.4333317279815674
1.508239984512329
1.8194670677185059
1.5746493339538574
1.4942362308502197
1.2143912315368652
1.3537116050720215
1.4050185680389404
1.0850021839141846
0.9666405916213989
1.1418226957321167
2.003901958465576
1.1678516864776611
1.2370010614395142
1.1217941045761108
1.397676944732666
1.042866587638855
1.1882861852645874
1.4854953289031982
1.155178427696228
1.5010688304901123
0.986068069934845
1.3370873928070068
1.314036250114441
1.152662992477417
1.0815421342849731
1.338403344154358
2.0712294578552246
1.3616989850997925
1.2435076236724854
1.2552392482757568
1.2209004163742065
1.6999051570892334
1.5655537843704224
1.452634572982788
1.6216391324996948
1.2493833303451538
1.4470393657684326
1.3808457851409912
1.4105397462844849
1.4027479887008667
1.6835789680480957
1.54630446434021
1.1462148427963257
1.1741820573806763
1.1886543035507202
1.3712304830551147
1.4544185400009155
1.2761387825012207
2.033146619796753
1.054832935333252
1.1121437549591064
1.1972368955612183
1.2127516269683838
0.993455708026886
1.174818754196167
1.1981937885284424
1.3460103273391724
1.1073760986328125
1.3418464660644531
1.531542420387268
1.5851366519927979
1.422602653503418
1.0778237581253052
1.2719699144363403
1.0229228734970093
1.1377558708190918
1.6523635387420654
1.3149219751358032
1.188375473022461
1.339286208152771
1.2011369466781616
1.4322357177734375
1.1780056953430176
1.2401586771011353
1.4194564819335938
1.2632805109024048
1.5699849128723145
1.434497594833374
1.5237162113189697
1.8642847537994385
0.9811822772026062
2.117490291595459
1.9008163213729858
1.711390733718872
1.335843801498413
1.4001641273498535
1.3546441793441772
1.7760003805160522
1.46504545211792
1.1342672109603882
1.0062835216522217
1.5593366622924805
1.3184524774551392
1.111975073814392
1.3068194389343262
1.4974462985992432
1.1035014390945435
1.298379898071289
1.1091396808624268
1.2875466346740723
1.2372287511825562
1.311431646347046
1.759141445159912
1.157309889793396
1.150068998336792
1.387621521949768
1.4450050592422485
1.415939450263977
1.2533894777297974
1.3831260204315186
1.5421630144119263
1.3058111667633057
1.520365834236145
1.3563640117645264
1.5243215560913086
1.2669428586959839
1.5367259979248047
1.097784399986267
1.8123067617416382
1.2882484197616577
1.3011929988861084
1.1471946239471436
1.166067123413086
1.100069522857666
1.2062793970108032
1.706966757774353
1.1939570903778076
1.2455511093139648
1.2247092723846436
1.3837296962738037
1.4063940048217773
1.562830924987793
1.7842767238616943
1.4752968549728394
1.1336867809295654
1.5203111171722412
1.0862762928009033
1.1702851057052612
1.871381402015686
1.312248945236206
1.339865803718567
1.7183222770690918
1.5628015995025635
1.6656813621520996
0.981413722038269
1.1342709064483643
1.770745038986206
1.3494960069656372
1.3185433149337769
1.412386178970337
1.4707809686660767
1.137451171875
1.3243992328643799
1.2959924936294556
1.278755784034729
1.5908970832824707
1.2968711853027344
1.139220952987671
1.4618606567382812
1.484167218208313
1.263735055923462
2.1593637466430664
1.5543910264968872
1.3504881858825684
2.2362990379333496
1.7317506074905396
1.2724978923797607
1.2482476234436035
1.4501328468322754
1.5302984714508057
1.6957316398620605
1.0043845176696777
1.8866451978683472
1.8942737579345703
1.3732659816741943
2.4485087394714355
1.1379327774047852
1.3261590003967285
1.6394479274749756
1.3976168632507324
1.7328071594238281
1.170122504234314
1.4901307821273804
1.1240122318267822
1.294529914855957
1.3888248205184937
1.045220136642456
1.2124141454696655
2.039201259613037
1.744550108909607
1.3567984104156494
1.4373353719711304
1.5963741540908813
2.8334693908691406
1.675786018371582
1.7569907903671265
1.126675009727478
1.3882848024368286
1.7862730026245117
1.4027446508407593
1.5823994874954224
1.483206868171692
1.5070310831069946
1.300552487373352
1.4070013761520386
1.130022644996643
1.7891671657562256
1.3534822463989258
1.2367630004882812
1.1954861879348755
2.1023285388946533
1.1550483703613281
1.021388053894043
1.2665693759918213
1.4357194900512695
1.2482271194458008
1.1596637964248657
1.5847747325897217
1.6773455142974854
1.3984413146972656
0.9863588809967041
1.1173948049545288
1.124154806137085
1.153504729270935
1.4646320343017578
1.8002650737762451
1.700744390487671
1.3377074003219604
1.449039101600647
1.2758641242980957
1.7595365047454834
1.080036997795105
1.2608872652053833
1.368514060974121
1.3356250524520874
1.644675612449646
1.6376899480819702
1.2972084283828735
1.1157915592193604
1.150179386138916
1.251535177230835
1.759207010269165
1.4397505521774292
1.1362539529800415
1.138692855834961
1.4150400161743164
1.0508456230163574
1.316209077835083
1.375113844871521
1.2041106224060059
1.1413168907165527
1.29391610622406
1.3578749895095825
2.6927132606506348
1.4886391162872314
1.9084465503692627
1.549823522567749
1.2295334339141846
1.6741169691085815
1.2149457931518555
1.348980188369751
1.6821995973587036
1.144097924232483
1.1622889041900635
1.6377407312393188
1.3766918182373047
1.0661777257919312
1.1119003295898438
1.2076222896575928
1.1549713611602783
1.1540266275405884
1.336014747619629
1.5529588460922241
1.1063894033432007
1.7618803977966309
1.5661312341690063
1.1517175436019897
1.2383784055709839
1.3149585723876953
1.1412453651428223
1.4440298080444336
1.120102047920227
1.4004541635513306
1.380536437034607
1.4035754203796387
1.2407541275024414
1.7961710691452026
1.561191439628601
1.3219243288040161
1.1061718463897705
1.2742725610733032
1.252903699874878
1.1725441217422485
0.9443743228912354
1.386851191520691
1.306591510772705
1.516357421875
1.2377451658248901
1.0730631351470947
1.4908744096755981
1.4784884452819824
1.9156521558761597
1.3126697540283203
1.5046354532241821
1.3854310512542725
1.0331311225891113
1.6626861095428467
1.5849056243896484
1.2657890319824219
1.315853476524353
1.1458301544189453
1.2259104251861572
1.3781211376190186
1.2018601894378662
1.3140490055084229
1.2736622095108032
1.9198884963989258
1.2518129348754883
1.1832424402236938
1.4149162769317627
2.1855990886688232
1.6945528984069824
1.4074574708938599
1.6093977689743042
1.927638292312622
1.5534286499023438
1.4097498655319214
1.3012068271636963
1.9589383602142334
1.6090720891952515
1.666357398033142
1.5429258346557617
1.4833204746246338
1.5351011753082275
1.4788932800292969
1.7223169803619385
1.650934100151062
1.9120934009552002
1.5702877044677734
1.452977180480957
1.3019962310791016
1.8430070877075195
0.9243896007537842
1.2412331104278564
1.1808781623840332
1.4776875972747803
2.1144251823425293
1.448668360710144
1.340818166732788
1.474076509475708
1.1967018842697144
1.6699256896972656
1.435811996459961
1.6339857578277588
1.261801838874817
1.4636080265045166
1.2619801759719849
1.2907280921936035
1.0433099269866943
1.5521591901779175
1.8055269718170166
1.0914511680603027
1.5813612937927246
1.356485366821289
1.1774189472198486
1.095515489578247
1.7122989892959595
1.2867143154144287
1.8421049118041992
1.305210828781128
1.4254963397979736
1.1035698652267456
1.5029300451278687
1.172090768814087
1.3991100788116455
1.1477622985839844
1.4326250553131104
1.325669527053833
1.1465023756027222
1.0643806457519531
1.3222771883010864
1.3448113203048706
1.4268244504928589
1.6068532466888428
1.468996524810791
1.4233088493347168
1.5126320123672485
1.0973641872406006
1.064752221107483
1.3245229721069336
1.2094625234603882
1.5545547008514404
1.1804931163787842
1.1063867807388306
1.2475379705429077
1.1102211475372314
1.335484504699707
1.6070594787597656
1.2495810985565186
1.4165574312210083
2.1243817806243896
1.1676338911056519
1.5548511743545532
1.7105793952941895
1.1951576471328735
1.7137939929962158
1.4132955074310303
1.6865179538726807
1.6939058303833008
1.6992011070251465
0.9537742137908936
1.7135002613067627
1.6231274604797363
1.326954960823059
1.3135944604873657
1.5218627452850342
1.4544702768325806
1.328531265258789
2.211238384246826
1.762326717376709
1.1624817848205566
1.128766417503357
1.3910492658615112
0.9710937738418579
1.5325679779052734
1.4608203172683716
1.5833938121795654
1.5693248510360718
1.2519686222076416
1.5799305438995361
1.5901297330856323
1.2446980476379395
0.974653959274292
1.2554163932800293
1.841460943222046
1.3959195613861084
1.5164706707000732
1.7409162521362305
1.1619106531143188
1.5721594095230103
1.2305877208709717
1.2664216756820679
1.2069021463394165
1.2123416662216187
1.7733566761016846
1.38910973072052
1.1029865741729736
1.0792430639266968
1.5294897556304932
1.5530223846435547
1.061783790588379
1.4140557050704956
1.228948950767517
1.9247111082077026
1.4181575775146484
1.4045310020446777
1.1718181371688843
1.5895260572433472
1.0159145593643188
1.5350666046142578
1.952072262763977
1.4804210662841797
1.282468318939209
1.1468725204467773
1.5114469528198242
1.205564022064209
1.2573126554489136
1.1815006732940674
1.358527660369873
1.3218282461166382
1.3168779611587524
1.2156882286071777
1.6005141735076904
1.137311339378357
1.3665010929107666
1.3866424560546875
1.4387199878692627
1.2323671579360962
1.0230605602264404
1.5492794513702393
1.3400760889053345
1.3218767642974854
1.1414330005645752
1.9832375049591064
1.7326855659484863
1.2690387964248657
2.0049877166748047
1.2960236072540283
1.4585649967193604
1.5423964262008667
1.3286633491516113
1.2366998195648193
1.7639175653457642
1.5186264514923096
1.1605756282806396
1.1314303874969482
1.4958820343017578
1.4987514019012451
1.1821025609970093
1.5587480068206787
1.3658266067504883
1.3773928880691528
1.2615076303482056
1.250898003578186
0.9543846845626831
1.0642653703689575
1.7086656093597412
1.0341389179229736
1.2916074991226196
1.3838409185409546
1.0862394571304321
1.379762053489685
1.3927922248840332
1.35629141330719
1.560539960861206
1.878012776374817
1.5758864879608154
1.4173439741134644
1.3618069887161255
2.0012166500091553
1.7984081506729126
1.92596435546875
1.4673240184783936
1.1860944032669067
1.9817897081375122
1.5010991096496582
1.152553677558899
1.2895680665969849
1.2024614810943604
1.2302367687225342
1.2132186889648438
1.1304274797439575
2.067324161529541
1.5791902542114258
1.4098167419433594
1.1532623767852783
1.102128267288208
1.4822133779525757
1.4444694519042969
0.9680553078651428
1.29746675491333
1.3226691484451294
1.2359082698822021
1.8741978406906128
1.3830592632293701
1.280658483505249
1.0818803310394287
1.937255859375
1.5418084859848022
1.459455966949463
1.0038444995880127
1.721832513809204
1.68216872215271
1.4708731174468994
1.368157148361206
1.1043962240219116
1.2859301567077637
1.3425124883651733
1.2327022552490234
1.052842378616333
2.300313949584961
1.2662742137908936
1.7069315910339355
1.9424586296081543
1.1551635265350342
1.786039113998413
2.316143274307251
1.9123035669326782
1.6365811824798584
1.0884184837341309
1.2374341487884521
1.555908203125
1.3434449434280396
1.3212608098983765
1.109541893005371
1.2905856370925903
1.1634228229522705
1.7165015935897827
1.125752568244934
1.5709295272827148
1.011043906211853
1.1431833505630493
1.7019144296646118
1.3509869575500488
1.5693910121917725
1.3700597286224365
1.642983078956604
1.462624192237854
1.1839464902877808
1.4379329681396484
1.0665249824523926
1.2781230211257935
2.031553030014038
1.2640633583068848
1.145567536354065
0.9129465222358704
1.434244155883789
1.0515216588974
1.400486707687378
1.3276993036270142
1.135894775390625
1.0889345407485962
1.7410356998443604
1.3605766296386719
1.7454947233200073
1.2345308065414429
1.6923565864562988
1.6034988164901733
1.6021332740783691
1.1527676582336426
1.634247899055481
1.173491358757019
1.4117649793624878
1.1390407085418701
1.0138194561004639
1.5482685565948486
1.7868928909301758
1.3646069765090942
1.6501432657241821
1.5665252208709717
1.2869696617126465
1.1572487354278564
1.2954769134521484
2.0277416706085205
1.2479461431503296
1.431971549987793
1.48170804977417
1.4556348323822021
1.1654280424118042
0.9714279174804688
1.080790638923645
1.3843129873275757
1.3305822610855103
1.3781352043151855
1.1948680877685547
1.4148586988449097
1.4828945398330688
1.2249685525894165
1.1682759523391724
1.2430046796798706
1.432898998260498
1.5899149179458618
1.4425171613693237
1.4974148273468018
1.8165805339813232
2.2102789878845215
1.4014097452163696
0.9697694778442383
1.032274603843689
1.0719234943389893
1.1401759386062622
1.258147954940796
1.0754801034927368
1.320475697517395
1.2589362859725952
1.4241472482681274
1.2159576416015625
1.3501557111740112
0.9982495903968811
1.0980055332183838
1.6153762340545654
1.1202845573425293
1.4656519889831543
1.1141465902328491
1.1778178215026855
1.2815656661987305
1.190644383430481
1.197796106338501
1.3188056945800781
1.2652015686035156
1.293198585510254
1.631237506866455
1.2321302890777588
1.6115400791168213
1.553196668624878
1.041048288345337
1.2624977827072144
1.1300976276397705
1.4836589097976685
1.8436713218688965
1.1840941905975342
1.2697491645812988
1.3778343200683594
1.2150864601135254
1.6069214344024658
1.7783761024475098
1.2515543699264526
1.1996945142745972
1.1806817054748535
1.489647388458252
1.9006398916244507
2.1250979900360107
1.3628591299057007
1.6805908679962158
1.8387941122055054
1.272244930267334
1.6374413967132568
1.4893524646759033
1.3920375108718872
1.3545645475387573
1.6987168788909912
1.26499605178833
1.25917387008667
1.359832763671875
1.012407660484314
1.40224289894104
1.5204875469207764
1.503736972808838
1.5659263134002686
1.2828022241592407
1.0495543479919434
1.1819493770599365
1.5277546644210815
1.302158236503601
1.4545331001281738
1.5727119445800781
1.2196307182312012
1.141986608505249
1.6026726961135864
0.8935825228691101
1.2088088989257812
1.706077218055725
2.3298771381378174
1.4028778076171875
1.1623133420944214
1.1345163583755493
2.1899971961975098
1.1108989715576172
1.2570210695266724
1.436743140220642
1.6919692754745483
1.2603248357772827
1.6115660667419434
1.2328112125396729
1.5371148586273193
1.1808631420135498
1.4842804670333862
1.1714205741882324
1.2834713459014893
1.663147211074829
1.3150535821914673
1.5919110774993896
1.0325875282287598
1.6092183589935303
1.703047513961792
1.401989221572876
1.173864483833313
1.3255900144577026
1.0100557804107666
1.1276638507843018
1.2398760318756104
0.9198992252349854
1.5963164567947388
1.1274787187576294
1.3617417812347412
1.0673898458480835
1.6895487308502197
0.9050363302230835
1.0448472499847412
1.7073464393615723
1.4053219556808472
1.3455157279968262
1.3820194005966187
1.333788275718689
1.7420203685760498
1.6052218675613403
1.5880815982818604
1.1004486083984375
1.4731695652008057
1.292773723602295
1.6102275848388672
1.780442714691162
1.0995028018951416
1.146749496459961
1.4758622646331787
0.9790992736816406
1.3030884265899658
1.276196837425232
1.5083094835281372
1.49704909324646
1.0927999019622803
1.7898192405700684
1.2708572149276733
1.4690217971801758
1.5221529006958008
1.2203465700149536
1.1368712186813354
1.147372841835022
1.4678454399108887
1.759202480316162
1.2818586826324463
1.0954227447509766
1.424367904663086
1.3098952770233154
1.525328516960144
1.3830971717834473
1.5176897048950195
1.1646242141723633
1.4749336242675781
1.1466903686523438
1.0961296558380127
1.3439528942108154
1.1818844079971313
1.237508773803711
1.5986921787261963
1.4187091588974
1.446650743484497
1.0957953929901123
1.359233021736145
0.9991866946220398
